-9.941380e-01 -1.081190e-01 3.249923e+00
-9.941380e-01 1.081190e-01 3.033262e+00
-9.476532e-01 3.193015e-01 2.816600e+00
-8.568572e-01 5.155539e-01 2.599939e+00
-7.259955e-01 6.876995e-01 2.383277e+00
-5.611871e-01 8.276890e-01 2.166616e+00
-3.701382e-01 9.289767e-01 1.949954e+00
-1.617820e-01 9.868265e-01 1.733292e+00
5.413891e-02 9.985334e-01 1.516631e+00
2.675283e-01 9.635500e-01 1.299969e+00
4.684084e-01 8.835120e-01 1.083308e+00
6.473863e-01 7.621621e-01 8.666462e-01
7.960931e-01 6.051742e-01 6.499847e-01
9.075754e-01 4.198891e-01 4.333231e-01
9.766206e-01 2.149704e-01 2.166616e-01
1 0 0
9.766206e-01 -2.149704e-01 -2.166616e-01
9.075754e-01 -4.198891e-01 -4.333231e-01
7.960931e-01 -6.051742e-01 -6.499847e-01
6.473863e-01 -7.621621e-01 -8.666462e-01
4.684084e-01 -8.835120e-01 -1.083308e+00
2.675283e-01 -9.635500e-01 -1.299969e+00
5.413891e-02 -9.985334e-01 -1.516631e+00
-1.617820e-01 -9.868265e-01 -1.733292e+00
-3.701382e-01 -9.289767e-01 -1.949954e+00
-5.611871e-01 -8.276890e-01 -2.166616e+00
-7.259955e-01 -6.876995e-01 -2.383277e+00
-8.568572e-01 -5.155539e-01 -2.599939e+00
-9.476532e-01 -3.193015e-01 -2.816600e+00
-9.941380e-01 -1.081190e-01 -3.033262e+00
